# HW11

import statistics as st # 계산 모듈
from matplotlib import pyplot as plt # 그래프 모듈
import sympy as sp # 미분적분 모듈
from sympy.abc import x, y
import numpy as np

'''
5-9.
61 마리의 곰에 대한 건강 데이터 분석
'''
# 공분산 행렬 : Covariance Matrix
S = np.array([
    [3266.46,1343.97,731.54,1175.50,162.68,238.37],
    [1343.97,721.91,324.25,537.35,80.17,117.73],
    [731.54,324.25,179.28,281.17,39.15,56.80],
    [1175.50,537.35,281.17,474.98,63.73,94.85],
    [162.68,80.17,39.15,63.73,9.95,13.88],
    [238.37,117.73,56.80,94.85,13.88,21.26]])
v, w = np.linalg.eig(S)
v # 고유값
'''
array([4.47887382e+03, 1.52466164e+02, 3.23238574e+01, 8.11675805e+00,
       1.51685602e+00, 5.42547500e-01])
'''
w # 고유벡터
'''
array([[-8.49339108e-01,  4.70831742e-01, -2.26606161e-01,
        -7.42603742e-02,  8.69224857e-03,  2.01601658e-04],
       [-3.68551616e-01, -8.46077804e-01, -3.68132247e-01,
        -1.27542980e-02,  1.10783709e-01,  1.91050346e-02],
       [-1.94131580e-01, -5.81270925e-02,  3.03143141e-01,
         9.28387577e-01,  1.22887525e-02,  7.05967427e-02],
       [-3.14677694e-01, -2.16747658e-01,  8.48576079e-01,
        -3.55060476e-01,  8.23532152e-02, -3.26656761e-02],
       [-4.39180927e-02, -6.03544182e-02,  1.81524027e-03,
         6.01615837e-02, -4.40118616e-01, -8.92805375e-01],
       [-6.44582489e-02, -9.20264015e-02,  3.38803244e-02,
        -5.22673293e-02, -8.87138069e-01,  4.43263547e-01]])
'''
plt.plot(v)


